"year","age","male","female","total"
"2017",0,829,794,1623
"2017",1,799,760,1559
"2017",2,791,721,1512
"2017",3,766,686,1452
"2017",4,786,750,1536
"2017",5,875,804,1679
"2017",6,738,721,1459
"2017",7,535,446,981
"2017",8,628,604,1232
"2017",9,449,536,985
"2017",10,568,583,1151
"2017",11,583,443,1026
"2017",12,564,524,1088
"2017",13,390,577,967
"2017",14,524,462,986
"2017",15,538,582,1120
"2017",16,436,500,936
"2017",17,327,443,770
"2017",18,418,270,688
"2017",19,261,237,498
"2017",20,376,188,564
"2017",21,262,207,469
"2017",22,437,242,679
"2017",23,460,500,960
"2017",24,667,355,1022
"2017",25,831,528,1359
"2017",26,646,553,1199
"2017",27,396,356,752
"2017",28,629,497,1126
"2017",29,866,656,1522
"2017",30,1008,543,1551
"2017",31,916,579,1495
"2017",32,837,886,1723
"2017",33,828,779,1607
"2017",34,1091,523,1614
"2017",35,1239,1053,2292
"2017",36,1020,1138,2158
"2017",37,958,948,1906
"2017",38,818,667,1485
"2017",39,779,703,1482
"2017",40,463,654,1117
"2017",41,738,606,1344
"2017",42,729,735,1464
"2017",43,810,669,1479
"2017",44,789,666,1455
"2017",45,1173,999,2172
"2017",46,859,906,1765
"2017",47,1043,672,1715
"2017",48,607,701,1308
"2017",49,651,828,1479
"2017",50,468,777,1245
"2017",51,441,694,1135
"2017",52,667,638,1305
"2017",53,827,925,1752
"2017",54,588,831,1419
"2017",55,910,1057,1967
"2017",56,1131,1130,2261
"2017",57,902,862,1764
"2017",58,658,611,1269
"2017",59,576,587,1163
"2017",60,536,711,1247
"2017",61,667,597,1264
"2017",62,675,532,1207
"2017",63,653,560,1213
"2017",64,370,511,881
"2017",65,462,429,891
"2017",66,389,487,876
"2017",67,386,393,779
"2017",68,383,311,694
"2017",69,304,319,623
"2017",70,242,228,470
"2017",71,163,256,419
"2017",72,252,270,522
"2017",73,152,188,340
"2017",74,186,149,335
"2017",75,200,204,404
"2017",76,97,203,300
"2017",77,128,182,310
"2017",78,102,152,254
"2017",79,76,184,260
"2017",80,65,162,227
"2017",81,70,121,191
"2017",82,73,129,202
"2017",83,40,142,182
"2017",84,67,125,192
"2017",85,16,113,129
"2017",86,39,92,131
"2017",87,30,89,119
"2017",88,8,76,84
"2017",89,23,54,77
"2017",90,40,189,229
"2018",0,860,779,1639
"2018",1,827,793,1620
"2018",2,798,759,1557
"2018",3,791,721,1512
"2018",4,766,686,1452
"2018",5,786,749,1535
"2018",6,875,804,1679
"2018",7,736,720,1456
"2018",8,535,446,981
"2018",9,627,604,1231
"2018",10,449,536,985
"2018",11,568,583,1151
"2018",12,583,443,1026
"2018",13,564,524,1088
"2018",14,390,577,967
"2018",15,522,462,984
"2018",16,538,581,1119
"2018",17,435,500,935
"2018",18,327,443,770
"2018",19,417,270,687
"2018",20,260,237,497
"2018",21,373,187,560
"2018",22,262,207,469
"2018",23,436,241,677
"2018",24,459,499,958
"2018",25,664,353,1017
"2018",26,829,528,1357
"2018",27,645,552,1197
"2018",28,395,356,751
"2018",29,627,497,1124
"2018",30,866,654,1520
"2018",31,1008,542,1550
"2018",32,914,579,1493
"2018",33,835,885,1720
"2018",34,825,779,1604
"2018",35,1090,520,1610
"2018",36,1236,1050,2286
"2018",37,1018,1137,2155
"2018",38,957,945,1902
"2018",39,814,665,1479
"2018",40,778,702,1480
"2018",41,461,653,1114
"2018",42,737,605,1342
"2018",43,725,733,1458
"2018",44,808,668,1476
"2018",45,783,665,1448
"2018",46,1167,996,2163
"2018",47,855,903,1758
"2018",48,1040,668,1708
"2018",49,601,701,1302
"2018",50,645,826,1471
"2018",51,462,774,1236
"2018",52,436,690,1126
"2018",53,661,633,1294
"2018",54,818,922,1740
"2018",55,582,830,1412
"2018",56,902,1053,1955
"2018",57,1128,1128,2256
"2018",58,898,861,1759
"2018",59,649,610,1259
"2018",60,569,583,1152
"2018",61,527,704,1231
"2018",62,656,592,1248
"2018",63,670,526,1196
"2018",64,644,557,1201
"2018",65,366,509,875
"2018",66,454,425,879
"2018",67,377,484,861
"2018",68,379,389,768
"2018",69,377,308,685
"2018",70,297,314,611
"2018",71,231,222,453
"2018",72,156,248,404
"2018",73,243,266,509
"2018",74,148,181,329
"2018",75,179,140,319
"2018",76,192,202,394
"2018",77,86,195,281
"2018",78,122,175,297
"2018",79,91,144,235
"2018",80,71,175,246
"2018",81,53,151,204
"2018",82,62,112,174
"2018",83,64,116,180
"2018",84,34,131,165
"2018",85,56,114,170
"2018",86,11,97,108
"2018",87,31,87,118
"2018",88,25,81,106
"2018",89,6,70,76
"2018",90,39,191,230
"2019",0,832,795,1627
"2019",1,858,776,1634
"2019",2,827,793,1620
"2019",3,798,759,1557
"2019",4,790,721,1511
"2019",5,766,685,1451
"2019",6,785,749,1534
"2019",7,875,804,1679
"2019",8,736,720,1456
"2019",9,535,446,981
"2019",10,626,603,1229
"2019",11,449,536,985
"2019",12,568,583,1151
"2019",13,583,442,1025
"2019",14,564,524,1088
"2019",15,390,576,966
"2019",16,521,461,982
"2019",17,538,581,1119
"2019",18,434,500,934
"2019",19,326,443,769
"2019",20,416,270,686
"2019",21,260,237,497
"2019",22,369,187,556
"2019",23,261,207,468
"2019",24,434,241,675
"2019",25,456,499,955
"2019",26,662,353,1015
"2019",27,827,526,1353
"2019",28,642,552,1194
"2019",29,392,355,747
"2019",30,626,495,1121
"2019",31,864,653,1517
"2019",32,1005,542,1547
"2019",33,910,574,1484
"2019",34,831,884,1715
"2019",35,822,778,1600
"2019",36,1088,519,1607
"2019",37,1234,1049,2283
"2019",38,1016,1137,2153
"2019",39,956,944,1900
"2019",40,814,664,1478
"2019",41,776,698,1474
"2019",42,459,650,1109
"2019",43,735,604,1339
"2019",44,720,731,1451
"2019",45,803,667,1470
"2019",46,782,665,1447
"2019",47,1161,995,2156
"2019",48,846,900,1746
"2019",49,1035,667,1702
"2019",50,596,699,1295
"2019",51,630,821,1451
"2019",52,456,768,1224
"2019",53,433,689,1122
"2019",54,657,630,1287
"2019",55,806,918,1724
"2019",56,576,827,1403
"2019",57,896,1050,1946
"2019",58,1116,1124,2240
"2019",59,889,855,1744
"2019",60,640,608,1248
"2019",61,562,581,1143
"2019",62,519,701,1220
"2019",63,646,589,1235
"2019",64,664,520,1184
"2019",65,639,552,1191
"2019",66,360,504,864
"2019",67,446,420,866
"2019",68,369,480,849
"2019",69,373,383,756
"2019",70,370,302,672
"2019",71,290,306,596
"2019",72,220,219,439
"2019",73,146,245,391
"2019",74,237,259,496
"2019",75,140,176,316
"2019",76,170,134,304
"2019",77,182,194,376
"2019",78,77,183,260
"2019",79,112,170,282
"2019",80,79,134,213
"2019",81,66,164,230
"2019",82,44,140,184
"2019",83,54,93,147
"2019",84,57,106,163
"2019",85,27,129,156
"2019",86,48,109,157
"2019",87,4,80,84
"2019",88,27,79,106
"2019",89,22,72,94
"2019",90,17,207,224
"2020",0,757,750,1507
"2020",1,829,793,1622
"2020",2,858,775,1633
"2020",3,827,792,1619
"2020",4,797,759,1556
"2020",5,790,721,1511
"2020",6,766,685,1451
"2020",7,785,749,1534
"2020",8,875,804,1679
"2020",9,736,720,1456
"2020",10,535,446,981
"2020",11,626,603,1229
"2020",12,449,536,985
"2020",13,568,583,1151
"2020",14,583,442,1025
"2020",15,564,524,1088
"2020",16,389,576,965
"2020",17,519,461,980
"2020",18,537,581,1118
"2020",19,432,500,932
"2020",20,325,443,768
"2020",21,415,270,685
"2020",22,260,237,497
"2020",23,369,187,556
"2020",24,261,207,468
"2020",25,433,241,674
"2020",26,454,499,953
"2020",27,660,352,1012
"2020",28,826,526,1352
"2020",29,640,552,1192
"2020",30,391,354,745
"2020",31,623,494,1117
"2020",32,864,652,1516
"2020",33,1002,542,1544
"2020",34,910,573,1483
"2020",35,831,883,1714
"2020",36,822,777,1599
"2020",37,1087,519,1606
"2020",38,1232,1049,2281
"2020",39,1014,1135,2149
"2020",40,954,944,1898
"2020",41,812,662,1474
"2020",42,769,696,1465
"2020",43,455,648,1103
"2020",44,734,602,1336
"2020",45,718,730,1448
"2020",46,802,666,1468
"2020",47,778,660,1438
"2020",48,1157,992,2149
"2020",49,839,896,1735
"2020",50,1031,665,1696
"2020",51,587,695,1282
"2020",52,624,819,1443
"2020",53,452,767,1219
"2020",54,430,686,1116
"2020",55,648,627,1275
"2020",56,800,915,1715
"2020",57,570,826,1396
"2020",58,887,1041,1928
"2020",59,1105,1120,2225
"2020",60,877,851,1728
"2020",61,639,603,1242
"2020",62,557,574,1131
"2020",63,512,699,1211
"2020",64,634,585,1219
"2020",65,657,513,1170
"2020",66,633,548,1181
"2020",67,348,498,846
"2020",68,439,416,855
"2020",69,362,479,841
"2020",70,359,378,737
"2020",71,361,295,656
"2020",72,285,303,588
"2020",73,213,217,430
"2020",74,134,238,372
"2020",75,234,254,488
"2020",76,136,169,305
"2020",77,161,130,291
"2020",78,172,188,360
"2020",79,65,176,241
"2020",80,105,161,266
"2020",81,71,130,201
"2020",82,65,158,223
"2020",83,38,134,172
"2020",84,52,88,140
"2020",85,53,94,147
"2020",86,19,118,137
"2020",87,42,98,140
"2020",88,0,71,71
"2020",89,20,74,94
"2020",90,25,212,237
"2021",0,768,755,1523
"2021",1,756,748,1504
"2021",2,828,793,1621
"2021",3,857,775,1632
"2021",4,827,791,1618
"2021",5,797,759,1556
"2021",6,790,721,1511
"2021",7,766,685,1451
"2021",8,785,749,1534
"2021",9,875,804,1679
"2021",10,736,720,1456
"2021",11,535,446,981
"2021",12,626,603,1229
"2021",13,449,536,985
"2021",14,568,582,1150
"2021",15,583,442,1025
"2021",16,563,523,1086
"2021",17,389,576,965
"2021",18,517,461,978
"2021",19,536,580,1116
"2021",20,432,500,932
"2021",21,325,443,768
"2021",22,415,269,684
"2021",23,260,237,497
"2021",24,369,184,553
"2021",25,259,207,466
"2021",26,433,241,674
"2021",27,453,499,952
"2021",28,659,352,1011
"2021",29,825,525,1350
"2021",30,637,550,1187
"2021",31,390,354,744
"2021",32,621,493,1114
"2021",33,863,650,1513
"2021",34,1002,541,1543
"2021",35,906,573,1479
"2021",36,829,881,1710
"2021",37,822,775,1597
"2021",38,1087,519,1606
"2021",39,1229,1048,2277
"2021",40,1011,1134,2145
"2021",41,953,943,1896
"2021",42,805,661,1466
"2021",43,763,694,1457
"2021",44,450,648,1098
"2021",45,733,599,1332
"2021",46,717,729,1446
"2021",47,796,665,1461
"2021",48,777,658,1435
"2021",49,1145,989,2134
"2021",50,835,894,1729
"2021",51,1026,664,1690
"2021",52,585,694,1279
"2021",53,620,816,1436
"2021",54,449,767,1216
"2021",55,420,680,1100
"2021",56,633,623,1256
"2021",57,789,909,1698
"2021",58,562,820,1382
"2021",59,881,1035,1916
"2021",60,1094,1114,2208
"2021",61,858,841,1699
"2021",62,635,601,1236
"2021",63,548,569,1117
"2021",64,502,694,1196
"2021",65,619,579,1198
"2021",66,645,509,1154
"2021",67,623,546,1169
"2021",68,340,496,836
"2021",69,431,410,841
"2021",70,349,473,822
"2021",71,352,374,726
"2021",72,348,289,637
"2021",73,277,293,570
"2021",74,205,212,417
"2021",75,121,231,352
"2021",76,224,249,473
"2021",77,132,162,294
"2021",78,153,121,274
"2021",79,161,180,341
"2021",80,53,168,221
"2021",81,97,148,245
"2021",82,62,120,182
"2021",83,55,146,201
"2021",84,32,122,154
"2021",85,43,83,126
"2021",86,48,87,135
"2021",87,14,106,120
"2021",88,37,89,126
"2021",89,-3,61,58
"2021",90,16,229,245
"2022",0,889,835,1724
"2022",1,770,791,1561
"2022",2,752,738,1490
"2022",3,830,786,1616
"2022",4,852,772,1624
"2022",5,806,780,1586
"2022",6,777,760,1537
"2022",7,773,734,1507
"2022",8,768,729,1497
"2022",9,815,774,1589
"2022",10,822,845,1667
"2022",11,743,742,1485
"2022",12,755,731,1486
"2022",13,755,823,1578
"2022",14,700,754,1454
"2022",15,765,685,1450
"2022",16,727,697,1424
"2022",17,674,688,1362
"2022",18,675,696,1371
"2022",19,676,680,1356
"2022",20,631,636,1267
"2022",21,645,654,1299
"2022",22,680,686,1366
"2022",23,617,573,1190
"2022",24,641,631,1272
"2022",25,717,725,1442
"2022",26,714,719,1433
"2022",27,733,693,1426
"2022",28,759,825,1584
"2022",29,742,760,1502
"2022",30,685,693,1378
"2022",31,721,742,1463
"2022",32,672,730,1402
"2022",33,712,694,1406
"2022",34,702,725,1427
"2022",35,694,706,1400
"2022",36,718,725,1443
"2022",37,717,733,1450
"2022",38,636,692,1328
"2022",39,661,584,1245
"2022",40,653,715,1368
"2022",41,665,746,1411
"2022",42,682,722,1404
"2022",43,674,722,1396
"2022",44,617,686,1303
"2022",45,593,673,1266
"2022",46,643,690,1333
"2022",47,718,744,1462
"2022",48,628,705,1333
"2022",49,626,617,1243
"2022",50,664,708,1372
"2022",51,618,620,1238
"2022",52,639,657,1296
"2022",53,552,692,1244
"2022",54,587,693,1280
"2022",55,627,690,1317
"2022",56,593,680,1273
"2022",57,585,633,1218
"2022",58,609,675,1284
"2022",59,546,661,1207
"2022",60,524,596,1120
"2022",61,519,549,1068
"2022",62,472,493,965
"2022",63,544,530,1074
"2022",64,532,498,1030
"2022",65,508,510,1018
"2022",66,401,419,820
"2022",67,380,348,728
"2022",68,339,327,666
"2022",69,272,312,584
"2022",70,277,261,538
"2022",71,270,259,529
"2022",72,228,264,492
"2022",73,209,258,467
"2022",74,202,220,422
"2022",75,164,205,369
"2022",76,149,191,340
"2022",77,132,187,319
"2022",78,128,158,286
"2022",79,127,148,275
"2022",80,100,170,270
"2022",81,83,144,227
"2022",82,66,161,227
"2022",83,68,158,226
"2022",84,44,104,148
"2022",85,45,126,171
"2022",86,40,83,123
"2022",87,40,109,149
"2022",88,29,88,117
"2022",89,21,69,90
"2022",90,13,64,77
"2022",91,17,54,71
"2022",92,16,37,53
"2022",93,14,27,41
"2022",94,8,32,40
"2022",95,5,22,27
"2022",96,2,18,20
"2022",97,2,7,9
"2022",98,2,7,9
"2022",99,5,8,13
"2022",100,0,12,12
"2023",0,773,734,1507
"2023",1,887,834,1721
"2023",2,770,790,1560
"2023",3,752,738,1490
"2023",4,830,785,1615
"2023",5,852,771,1623
"2023",6,806,780,1586
"2023",7,777,760,1537
"2023",8,771,734,1505
"2023",9,768,729,1497
"2023",10,815,774,1589
"2023",11,822,844,1666
"2023",12,742,742,1484
"2023",13,754,731,1485
"2023",14,754,823,1577
"2023",15,700,754,1454
"2023",16,765,684,1449
"2023",17,727,697,1424
"2023",18,674,688,1362
"2023",19,672,696,1368
"2023",20,676,680,1356
"2023",21,629,636,1265
"2023",22,644,653,1297
"2023",23,680,685,1365
"2023",24,616,573,1189
"2023",25,641,630,1271
"2023",26,717,725,1442
"2023",27,712,718,1430
"2023",28,732,692,1424
"2023",29,758,825,1583
"2023",30,742,760,1502
"2023",31,684,692,1376
"2023",32,722,742,1464
"2023",33,672,728,1400
"2023",34,712,692,1404
"2023",35,701,724,1425
"2023",36,691,703,1394
"2023",37,714,722,1436
"2023",38,712,731,1443
"2023",39,634,689,1323
"2023",40,661,583,1244
"2023",41,650,714,1364
"2023",42,663,743,1406
"2023",43,677,719,1396
"2023",44,671,720,1391
"2023",45,613,685,1298
"2023",46,585,668,1253
"2023",47,638,690,1328
"2023",48,714,741,1455
"2023",49,623,698,1321
"2023",50,619,616,1235
"2023",51,658,706,1364
"2023",52,618,614,1232
"2023",53,637,654,1291
"2023",54,549,690,1239
"2023",55,581,692,1273
"2023",56,621,689,1310
"2023",57,581,675,1256
"2023",58,576,630,1206
"2023",59,600,673,1273
"2023",60,534,656,1190
"2023",61,518,592,1110
"2023",62,506,546,1052
"2023",63,465,489,954
"2023",64,533,522,1055
"2023",65,517,490,1007
"2023",66,497,504,1001
"2023",67,385,414,799
"2023",68,370,343,713
"2023",69,323,322,645
"2023",70,262,303,565
"2023",71,266,257,523
"2023",72,263,251,514
"2023",73,216,257,473
"2023",74,199,251,450
"2023",75,195,208,403
"2023",76,155,198,353
"2023",77,139,183,322
"2023",78,123,183,306
"2023",79,117,147,264
"2023",80,115,146,261
"2023",81,92,162,254
"2023",82,76,135,211
"2023",83,55,153,208
"2023",84,61,151,212
"2023",85,37,91,128
"2023",86,34,122,156
"2023",87,36,76,112
"2023",88,36,101,137
"2023",89,25,74,99
"2023",90,15,59,74
"2023",91,10,54,64
"2023",92,16,46,62
"2023",93,11,30,41
"2023",94,13,24,37
"2023",95,6,26,32
"2023",96,3,15,18
"2023",97,1,13,14
"2023",98,0,1,1
"2023",99,2,6,8
"2023",100,1,15,16
"2024",0,736,676,1412
"2024",1,770,733,1503
"2024",2,887,833,1720
"2024",3,770,790,1560
"2024",4,751,738,1489
"2024",5,829,785,1614
"2024",6,852,771,1623
"2024",7,806,780,1586
"2024",8,776,760,1536
"2024",9,771,734,1505
"2024",10,768,729,1497
"2024",11,815,774,1589
"2024",12,822,844,1666
"2024",13,739,741,1480
"2024",14,754,730,1484
"2024",15,754,823,1577
"2024",16,700,754,1454
"2024",17,765,684,1449
"2024",18,727,697,1424
"2024",19,674,688,1362
"2024",20,672,696,1368
"2024",21,675,680,1355
"2024",22,628,636,1264
"2024",23,642,653,1295
"2024",24,678,685,1363
"2024",25,614,572,1186
"2024",26,641,630,1271
"2024",27,715,725,1440
"2024",28,712,718,1430
"2024",29,732,692,1424
"2024",30,758,822,1580
"2024",31,740,760,1500
"2024",32,683,691,1374
"2024",33,716,741,1457
"2024",34,670,727,1397
"2024",35,710,689,1399
"2024",36,694,722,1416
"2024",37,687,703,1390
"2024",38,713,721,1434
"2024",39,704,730,1434
"2024",40,630,687,1317
"2024",41,656,580,1236
"2024",42,645,713,1358
"2024",43,660,741,1401
"2024",44,670,719,1389
"2024",45,663,718,1381
"2024",46,609,683,1292
"2024",47,581,663,1244
"2024",48,634,689,1323
"2024",49,712,736,1448
"2024",50,621,694,1315
"2024",51,610,614,1224
"2024",52,653,701,1354
"2024",53,613,609,1222
"2024",54,626,652,1278
"2024",55,542,688,1230
"2024",56,576,687,1263
"2024",57,611,687,1298
"2024",58,575,674,1249
"2024",59,568,626,1194
"2024",60,585,669,1254
"2024",61,521,648,1169
"2024",62,505,586,1091
"2024",63,499,541,1040
"2024",64,456,481,937
"2024",65,520,518,1038
"2024",66,499,488,987
"2024",67,485,501,986
"2024",68,377,407,784
"2024",69,354,338,692
"2024",70,312,317,629
"2024",71,253,300,553
"2024",72,254,250,504
"2024",73,252,248,500
"2024",74,203,251,454
"2024",75,193,240,433
"2024",76,184,207,391
"2024",77,149,193,342
"2024",78,127,181,308
"2024",79,115,178,293
"2024",80,102,140,242
"2024",81,104,143,247
"2024",82,85,152,237
"2024",83,64,133,197
"2024",84,50,145,195
"2024",85,53,144,197
"2024",86,34,78,112
"2024",87,28,109,137
"2024",88,32,60,92
"2024",89,27,94,121
"2024",90,17,62,79
"2024",91,11,50,61
"2024",92,9,42,51
"2024",93,14,36,50
"2024",94,5,19,24
"2024",95,21,73,94
